#
#	This file defines the predefined colors available in the color adjustment dialogs
#
#	Each line is a triplet of RGB values ranging from 0..1
#
#	$Id: predef_colors 2714 2009-06-03 09:33:14Z msh $
#
#	Revision 1.1  2009/03/27 01:05:49  msh
#	Added predef_colors file
#
#
0.5 0   0
0.5 0.5 0
0   0.5 0
0   0.5 0.5
0   0   0.5
0.5 0   0.5
0.5 0.5 0.5
0.5 0.5 0.5
#
0.5 0.25 0
0.25 0.5 0
0 0.5 0.25
0 0.25 0.5
0.25 0 0.5
0.5 0 0.25
0.4 0.4 0.4
0.6 0.6 0.6
#
1.0 0.0 0.0
1.0 1.0 0.0
0.0 1.0 0.0
0.0 1.0 1.0
0.0 0.0 1.0
1.0 0.0 1.0
0.3 0.3 0.3
0.7 0.7 0.7
#
1.0 0.5 0.0
0.5 1.0 0.0
0.0 1.0 0.5
0.0 0.5 1.0
0.5 0.0 1.0
1.0 0.0 0.5
0.2 0.2 0.2
0.8 0.8 0.8
#
1.0 0.4 0.4
1.0 1.0 0.4
0.4 1.0 0.4
0.4 1.0 1.0
0.4 0.4 1.0
1.0 0.4 1.0
0.1 0.1 0.1
0.9 0.9 0.9
#
1.0 0.8 0.4
0.8 1.0 0.4
0.4 1.0 0.8
0.4 0.8 1.0
0.8 0.4 1.0
1.0 0.4353 0.812
0 0 0
1 1 1


